0  9.571929
1  25.650548
22  8.560047
23  26.134516
44  42.415887
105  20.118175
110  30.165473
145  20.137875
183  35.208735
188  23.002376
290  17.159267
320  27.688058
355  5.973565
370  14.135837
385  156.461809
397  26.506563
407  19.368534
454  37.669534
496  49.926830
514  9.579488
523  2.843379
533  15.042583
654  12.908772
689  84.755662
749  10.718434
849  57.787122
851  7.732450
860  100.359647
871  0.404646
942  111.339487
966  43.723954
983  56.291714
984  0.465955
992  10.417631
1020  82.211013
1118  28.728950
1180  26.885525
1244  26.570872
1258  31.370536
1263  28.010057
1272  22.249149
1278  56.369535
1331  18.321876
1335  28.288497
1337  18.391092
1361  28.304957
1404  27.819683
1437  15.494933
1455  32.007682
1495  34.221506
1516  18.497760
1522  31.399206
1551  3.511068
1560  7.167934
1579  11.980034
1595  5.763140
1605  1.402882
1627  6.027243
1697  30.205540
1811  29.485059
1817  46.309639
1869  7.549375
1869  19.426211
1940  20.223989
1957  0.128452
1968  55.136485
1981  25.068502
2117  21.034332
2152  12.435265
2200  0.218697
2407  22.917744
2642  16.622304
2649  15.107654
2663  3.840162
2682  28.496078
2730  6.314025
2780  3.588360
2865  12.724907
2897  35.943000
2909  17.169001
2948  21.491874
2990  12.147020
3017  45.306455
3034  15.716734
3043  50.675951
3067  10.856166
3069  41.514762
3102  7.975116
3116  87.723243
3168  21.821661
3173  26.733365
3217  25.732468
3222  15.128871
3276  3.463761
3303  78.543856
3313  32.466197
3318  19.170134
3340  11.084485
3342  102.596875
3397  34.221506
3416  75.434550
3427  0.823292
3437  48.998405
3451  25.142495
3452  73.655111
3495  51.612583
3497  3.333538
3507  4.910002
3519  17.333341
3524  8.032500
3530  5.402520
3544  34.359332
3559  0.753736
3612  21.677994
3616  12.625724
3652  39.914288
3669  62.375007
3695  35.812822
3736  62.083531
3748  20.180901
3763  13.368420
3803  2.353177
3847  1.345374
3959  14.135837
3975  65.505735
3984  1.208756
3991  42.434716
4005  3.398066
4013  4.929419
4041  10.249664
4065  18.722493
4105  2.534944
4113  41.720042
4141  16.665356
4244  19.263949
4336  5.092801
4369  6.194480
4370  74.531639
4381  30.167975
4415  48.984344
4436  7.899965
4444  17.005557
4536  14.962573
4548  30.624421
4559  34.024485
4579  25.104419
4608  7.825002
4685  11.479210
4761  18.445225
4772  76.435601
4902  18.821774
4960  50.879915
4961  4.628793
4993  25.650548
4999  17.828513
5016  2.691770
5044  49.068812
5115  75.096962
5121  3.330469
5139  2.381908
5149  9.637502
5204  62.170677
5207  64.490856
5223  4.574359
5244  42.220764
5258  19.849051
5268  1.702745
5334  50.537451
5362  51.505358
5373  62.083531
5386  15.390761
5411  97.559432
5451  46.211215
5497  26.993398
5500  9.470069
5507  11.016996
5554  18.173852
5593  12.097649
5599  0.408358
5626  12.478256
5751  8.162017
5757  0.220542
5805  46.806661
5810  26.539809
5830  31.837860
5847  7.895200
5858  42.012042
5881  9.306063
5941  6.485146
5944  4.851827
5958  28.255605
5969  11.432265
5985  25.618272
6083  31.909386
6104  24.032950
6107  47.853176
6118  12.987715
6172  117.012066
6272  24.801534
6329  32.857826
6373  76.883547
6380  32.293767
6449  3.423711
6451  80.434858
6530  67.987047
6586  61.466284
6593  6.226012
6621  6.057478
6655  54.129603
6657  4.919709
6667  44.283605
6702  20.094910
6718  14.420241
6722  19.794098
6755  28.175874
6780  33.665199
6800  41.584253
6821  43.105135
6846  15.899719
6848  115.771121
6903  27.495132
6936  30.426869
6942  15.862411
6950  2.397772
6955  9.958605
6963  38.546723
6966  10.420222
6986  19.827767
6991  18.460468
7023  6.422704
7032  21.364699
7174  12.119582
7206  3.216105
7274  40.389048
7277  92.982267
7318  22.385929
7337  58.608916
7496  75.902151
7512  0.960052
7533  9.205101
7545  48.876758
7564  60.487861
7565  2.489151
7600  88.273717
7618  24.597140
7647  14.251925
7673  6.214747
7676  18.018208
7684  46.585226
7720  14.549331
7786  13.999749
7804  45.833371
7837  2.081102
7915  46.305353
7934  4.714379
7934  3.299793
7963  4.241376
7980  33.390867
8012  17.206346
8063  4.405285
8066  20.771535
8067  69.769389
8140  72.096589
8257  83.412041
8263  18.710533
8363  2.575820
8397  30.956594
8437  1.691119
8446  18.845788
8457  67.705850
8469  6.383036
8488  1.524009
8510  55.402280
8531  51.515553
8651  0.426925
8676  15.471923
8738  85.300990
8765  7.528187
8765  10.182740
8768  47.025353
8785  29.548733
8802  50.468440
8840  2.802138
8859  40.357397
8859  4.531735
8894  20.842979
8918  91.826746
8992  31.237971
9007  13.143391
9052  26.818300
9073  49.276294
9126  6.373976
9153  14.905338
9187  14.713347
9192  9.717140
9306  3.341724
9365  28.824522
9389  4.999639
9432  14.112380
9462  11.969116
9497  0.478046
9510  17.951511
9512  24.394128
9535  23.091200
9566  81.028937
9569  57.686745
9575  4.917551
9619  1.250726
9728  6.630971
9747  1.340587
9946  5.762030
9966  2.086990
9978  29.185653
10001  9.377314
10121  21.488125
10141  15.777089
10142  59.969784
10151  6.134886
10164  19.182279
10206  18.116856
10231  34.526721
10233  2.294808
10249  39.239641
10289  26.296857
10327  24.303425
10371  16.767652
10410  29.377611
10442  94.976706
10470  33.196440
10481  75.879171
10482  57.103721
10504  32.269599
10537  10.756411
10543  40.374976
10552  21.698745
10560  7.616569
10580  24.501678
10638  11.079186
10642  25.106533
10653  23.724485
10675  20.738618
10681  13.993910
10812  28.377958
10849  4.943450
10873  30.000761
10891  18.722493
10894  2.855460
10909  57.319482
10921  46.104598
10940  40.771489
10947  55.332715
10997  44.247569
11034  12.966549
11054  7.122625
11093  0.977073
11102  41.489201
11228  72.422347
11396  10.833824
11459  18.844072
11464  3.770524
11532  7.725342
11545  56.785999
11583  9.515298
11583  57.963593
11609  28.858044
11623  16.220293
11623  93.186072
11649  3.483292
11666  36.174474
11703  0.825174
11817  54.527182
11848  3.344795
11890  21.644068
11897  8.171633
12018  59.460502
12050  16.270644
12064  0.432498
12065  28.891604
12206  45.215395
12226  29.752907
12228  87.740293
12260  25.988287
12385  36.150024
12445  12.862348
12513  2.798117
12577  27.178584
12584  1.222104
12615  29.275405
12631  62.981537
12656  47.078077
12668  50.849980
12673  37.077661
12707  15.229093
12718  71.425779
12736  12.422796
12742  7.771572
12754  42.851969
12863  30.528015
12938  9.291084
12943  35.253177
12953  55.448747
12959  12.955267
12966  1.201132
13006  15.491864
13025  15.977592
13045  5.588354
13065  35.140717
13105  40.448925
13125  29.511982
13156  17.788729
13159  0.777217
13192  48.404235
13266  67.220009
13294  27.374039
13296  6.184352
13303  17.065329
13343  4.192904
13361  11.520852
13367  25.988287
13394  30.751745
13415  14.143171
13420  5.716578
13433  6.246300
13480  13.143391
13497  46.797946
13508  24.738817
13524  8.784978
13558  26.653121
13569  0.718081
13596  1.750265
13600  12.324605
13708  102.290608
13722  101.796092
13732  3.876605
13797  41.372625
13800  29.470385
13896  60.261806
13914  6.570505
13932  13.332702
13994  20.204232
13997  52.248430
14004  5.523346
14016  45.888266
14025  78.783303
14025  33.415956
14057  6.856799
14067  83.693873
14096  44.707256
14107  6.975552
14204  107.644137
14223  112.955262
14235  40.294194
14246  52.426596
14350  7.745485
14383  27.108440
14426  5.850916
14429  21.387103
14551  45.207131
14561  37.911536
14586  8.513803
14603  6.799321
14612  52.521350
14620  24.326075
14645  17.121980
14669  24.266398
14690  34.235834
14716  1.240228
14747  18.360685
14844  1.307097
14846  56.495674
14861  30.010718
14880  23.357269
14962  18.919665
14963  20.651017
14968  20.973482
14971  2.183333
15083  52.395078
15112  10.759032
15113  3.019036
15129  28.968453
15134  24.128976
15168  31.321081
15180  1.796888
15206  13.014547
15218  4.771215
15254  7.965562
15276  24.006444
15283  48.248366
15287  5.418968
15307  0.749981
15316  80.155415
15334  0.421354
15335  26.941661
15363  27.625911
15375  49.970382
15495  2.932089
15500  26.728902
15566  61.310403
15578  20.340997
15649  2.678753